1, NaN, NaN, NaN, NaN, NaN, NaN, NaN, NaN, NaN, NaN, NaN, NaN, NaN, NaN, NaN, NaN, NaN, NaN, NaN, NaN, NaN, NaN, NaN, NaN, NaN, NaN, NaN, NaN, NaN, NaN, NaN, NaN, NaN, NaN, NaN, NaN, NaN, NaN, NaN, NaN, NaN, NaN, NaN, NaN, NaN, NaN, NaN, NaN, NaN, NaN, NaN, NaN, NaN, NaN, NaN, NaN, NaN, NaN, NaN, NaN, NaN, NaN, NaN, NaN, NaN, NaN, NaN, NaN, NaN, NaN, NaN, NaN, NaN, NaN, NaN, NaN, NaN, NaN, NaN
NaN, 1, NaN, -0.0417, NaN, -0.0602, -0.0824, -0.068, NaN, 0.8079, -0.068, -0.0292, -0.0602, -0.0292, -0.0417, NaN, -0.1147, -0.0292, NaN, NaN, -0.0292, -0.0754, -0.0292, -0.0292, -0.0602, -0.0292, -0.0516, 0.138, NaN, NaN, -0.0602, -0.0292, -0.0292, NaN, -0.0417, NaN, -0.0292, -0.0516, -0.1336, -0.0292, NaN, 0.2607, 0.2387, -0.0292, -0.0516, -0.1021, NaN, NaN, -0.1084, -0.0602, -0.0417, -0.0602, -0.0417, -0.0824, NaN, -0.0417, -0.0602, -0.068, -0.0417, -0.0292, -0.0292, -0.0417, 0.138, -0.0602, NaN, -0.1336, 0.1531, -0.0516, NaN, -0.0292, -0.0292, -0.0292, -0.0417, NaN, -0.0824, -0.0891, NaN, -0.0292, 0.6999, -0.0292
NaN, NaN, 1, NaN, NaN, NaN, NaN, NaN, NaN, NaN, NaN, NaN, NaN, NaN, NaN, NaN, NaN, NaN, NaN, NaN, NaN, NaN, NaN, NaN, NaN, NaN, NaN, NaN, NaN, NaN, NaN, NaN, NaN, NaN, NaN, NaN, NaN, NaN, NaN, NaN, NaN, NaN, NaN, NaN, NaN, NaN, NaN, NaN, NaN, NaN, NaN, NaN, NaN, NaN, NaN, NaN, NaN, NaN, NaN, NaN, NaN, NaN, NaN, NaN, NaN, NaN, NaN, NaN, NaN, NaN, NaN, NaN, NaN, NaN, NaN, NaN, NaN, NaN, NaN, NaN
NaN, -0.0417, NaN, 1, NaN, -0.0602, 0.2118, 0.2722, NaN, -0.0516, -0.068, -0.0292, 0.316, -0.0292, -0.0417, NaN, -0.1147, -0.0292, NaN, NaN, -0.0292, -0.0754, -0.0292, -0.0292, -0.0602, 0.6999, -0.0516, -0.1084, NaN, NaN, -0.0602, -0.0292, -0.0292, NaN, -0.0417, NaN, 0.6999, 0.3782, 0.0891, -0.0292, NaN, 0.0505, -0.0754, -0.0292, -0.0516, 0.1531, NaN, NaN, -0.1084, -0.0602, -0.0417, -0.0602, -0.0417, -0.0824, NaN, -0.0417, 0.316, -0.068, -0.0417, -0.0292, -0.0292, 0.4792, 0.138, -0.0602, NaN, -0.1336, 0.1531, -0.0516, NaN, -0.0292, -0.0292, -0.0292, -0.0417, NaN, 0.2118, -0.0891, NaN, -0.0292, -0.0292, -0.0292
NaN, NaN, NaN, NaN, 1, NaN, NaN, NaN, NaN, NaN, NaN, NaN, NaN, NaN, NaN, NaN, NaN, NaN, NaN, NaN, NaN, NaN, NaN, NaN, NaN, NaN, NaN, NaN, NaN, NaN, NaN, NaN, NaN, NaN, NaN, NaN, NaN, NaN, NaN, NaN, NaN, NaN, NaN, NaN, NaN, NaN, NaN, NaN, NaN, NaN, NaN, NaN, NaN, NaN, NaN, NaN, NaN, NaN, NaN, NaN, NaN, NaN, NaN, NaN, NaN, NaN, NaN, NaN, NaN, NaN, NaN, NaN, NaN, NaN, NaN, NaN, NaN, NaN, NaN, NaN
NaN, -0.0602, NaN, -0.0602, NaN, 1, -0.119, -0.0983, NaN, -0.0745, -0.0983, -0.0421, -0.087, -0.0421, -0.0602, NaN, 0.0069, 0.4845, NaN, NaN, -0.0421, -0.1089, -0.0421, -0.0421, -0.087, -0.0421, -0.0745, -0.1566, NaN, NaN, -0.087, -0.0421, -0.0421, NaN, -0.0602, NaN, -0.0421, -0.0745, 0.1287, 0.4845, NaN, 0.0729, -0.1089, -0.0421, 0.2359, 0.2212, NaN, NaN, -0.1566, -0.087, -0.0602, 0.4565, -0.0602, 0.0935, NaN, -0.0602, -0.087, 0.1474, -0.0602, -0.0421, -0.0421, -0.0602, 0.0214, -0.087, NaN, -0.0322, 0.0369, 0.2359, NaN, -0.0421, -0.0421, -0.0421, -0.0602, NaN, 0.3059, 0.0724, NaN, -0.0421, -0.0421, -0.0421
NaN, -0.0824, NaN, 0.2118, NaN, -0.119, 1, 0.634, NaN, 0.1408, -0.1345, 0.3541, -0.119, -0.0576, -0.0824, NaN, 0.0432, -0.0576, NaN, NaN, -0.0576, -0.149, -0.0576, -0.0576, 0.3059, 0.3541, 0.1408, 0.2031, NaN, NaN, 0.0935, 0.3541, -0.0576, NaN, 0.2118, NaN, 0.3541, 0.6262, -0.2641, -0.0576, NaN, 0.0404, -0.149, 0.3541, -0.1019, -0.0576, NaN, NaN, -0.0751, 0.3059, -0.0824, 0.0935, -0.0824, -0.1628, NaN, 0.2118, -0.119, 0.2498, -0.0824, -0.0576, 0.3541, 0.5059, -0.2143, -0.119, NaN, 0.239, 0.0865, -0.1019, NaN, -0.0576, -0.0576, -0.0576, -0.0824, NaN, -0.1628, -0.0189, NaN, -0.0576, -0.0576, -0.0576
NaN, -0.068, NaN, 0.2722, NaN, -0.0983, 0.634, 1, NaN, 0.1965, -0.1111, -0.0476, -0.0983, -0.0476, -0.068, NaN, -0.0312, -0.0476, NaN, NaN, -0.0476, -0.1231, -0.0476, -0.0476, 0.1474, 0.4286, 0.4772, -0.0161, NaN, NaN, 0.1474, -0.0476, -0.0476, NaN, -0.068, NaN, 0.4286, 0.4772, -0.0727, -0.0476, NaN, 0.1511, -0.1231, 0.4286, -0.0842, 0, NaN, NaN, -0.177, 0.1474, -0.068, -0.0983, -0.068, -0.1345, NaN, 0.2722, -0.0983, 0.1111, -0.068, -0.0476, 0.4286, 0.6124, -0.177, -0.0983, NaN, -0.0727, -0.1667, -0.0842, NaN, -0.0476, -0.0476, -0.0476, -0.068, NaN, -0.1345, -0.1455, NaN, -0.0476, -0.0476, -0.0476
NaN, NaN, NaN, NaN, NaN, NaN, NaN, NaN, 1, NaN, NaN, NaN, NaN, NaN, NaN, NaN, NaN, NaN, NaN, NaN, NaN, NaN, NaN, NaN, NaN, NaN, NaN, NaN, NaN, NaN, NaN, NaN, NaN, NaN, NaN, NaN, NaN, NaN, NaN, NaN, NaN, NaN, NaN, NaN, NaN, NaN, NaN, NaN, NaN, NaN, NaN, NaN, NaN, NaN, NaN, NaN, NaN, NaN, NaN, NaN, NaN, NaN, NaN, NaN, NaN, NaN, NaN, NaN, NaN, NaN, NaN, NaN, NaN, NaN, NaN, NaN, NaN, NaN, NaN, NaN
NaN, 0.8079, NaN, -0.0516, NaN, -0.0745, 0.1408, 0.1965, NaN, 1, -0.0842, -0.0361, -0.0745, -0.0361, -0.0516, NaN, 0.0552, -0.0361, NaN, NaN, -0.0361, -0.0933, -0.0361, -0.0361, -0.0745, -0.0361, -0.0638, 0.0691, NaN, NaN, -0.0745, -0.0361, -0.0361, NaN, -0.0516, NaN, -0.0361, -0.0638, -0.1654, -0.0361, NaN, 0.1492, 0.1659, -0.0361, -0.0638, -0.1263, NaN, NaN, -0.1342, 0.2359, -0.0516, -0.0745, -0.0516, -0.1019, NaN, -0.0516, -0.0745, 0.1965, -0.0516, -0.0361, 0.5654, -0.0516, 0.0691, -0.0745, NaN, 0.0184, 0.0842, -0.0638, NaN, -0.0361, -0.0361, -0.0361, -0.0516, NaN, -0.1019, -0.1103, NaN, -0.0361, 0.5654, -0.0361
NaN, -0.068, NaN, -0.068, NaN, -0.0983, -0.1345, -0.1111, NaN, -0.0842, 1, -0.0476, -0.0983, -0.0476, -0.068, NaN, -0.1873, -0.0476, NaN, NaN, -0.0476, -0.1231, -0.0476, -0.0476, 0.3932, -0.0476, 0.1965, -0.0161, NaN, NaN, -0.0983, -0.0476, -0.0476, NaN, -0.068, NaN, -0.0476, -0.0842, 0.0727, -0.0476, NaN, 0.0137, -0.1231, -0.0476, -0.0842, 0, NaN, NaN, -0.0161, -0.0983, 0.2722, -0.0983, -0.068, 0.0576, NaN, -0.068, -0.0983, -0.1111, -0.068, -0.0476, -0.0476, -0.068, -0.0161, -0.0983, NaN, 0.2182, 0.1667, -0.0842, NaN, 0.4286, -0.0476, -0.0476, -0.068, NaN, -0.1345, 0.0364, NaN, -0.0476, -0.0476, -0.0476
NaN, -0.0292, NaN, -0.0292, NaN, -0.0421, 0.3541, -0.0476, NaN, -0.0361, -0.0476, 1, -0.0421, -0.0204, -0.0292, NaN, -0.0803, -0.0204, NaN, NaN, -0.0204, -0.0528, -0.0204, -0.0204, -0.0421, -0.0204, -0.0361, 0.269, NaN, NaN, -0.0421, 1, -0.0204, NaN, -0.0292, NaN, -0.0204, 0.5654, -0.0935, -0.0204, NaN, -0.1118, -0.0528, -0.0204, -0.0361, -0.0714, NaN, NaN, -0.0759, -0.0421, -0.0292, 0.4845, -0.0292, -0.0576, NaN, -0.0292, -0.0421, -0.0476, -0.0292, -0.0204, -0.0204, -0.0292, -0.0759, -0.0421, NaN, 0.2182, 0.2857, -0.0361, NaN, -0.0204, -0.0204, -0.0204, -0.0292, NaN, -0.0576, 0.3273, NaN, -0.0204, -0.0204, -0.0204
NaN, -0.0602, NaN, 0.316, NaN, -0.087, -0.119, -0.0983, NaN, -0.0745, -0.0983, -0.0421, 1, -0.0421, -0.0602, NaN, 0.0069, -0.0421, NaN, NaN, -0.0421, -0.1089, -0.0421, -0.0421, -0.087, -0.0421, -0.0745, -0.1566, NaN, NaN, -0.087, -0.0421, -0.0421, NaN, -0.0602, NaN, -0.0421, -0.0745, 0.2896, -0.0421, NaN, -0.2309, -0.1089, -0.0421, -0.0745, -0.1474, NaN, NaN, -0.1566, -0.087, -0.0602, -0.087, -0.0602, -0.119, NaN, -0.0602, 0.7283, -0.0983, -0.0602, -0.0421, -0.0421, -0.0602, 0.1993, -0.087, NaN, -0.193, 0.0369, -0.0745, NaN, -0.0421, 0.4845, 0.4845, -0.0602, NaN, 0.0935, -0.1287, NaN, -0.0421, -0.0421, -0.0421
NaN, -0.0292, NaN, -0.0292, NaN, -0.0421, -0.0576, -0.0476, NaN, -0.0361, -0.0476, -0.0204, -0.0421, 1, -0.0292, NaN, -0.0803, -0.0204, NaN, NaN, -0.0204, -0.0528, -0.0204, -0.0204, -0.0421, -0.0204, -0.0361, -0.0759, NaN, NaN, -0.0421, -0.0204, -0.0204, NaN, -0.0292, NaN, -0.0204, -0.0361, 0.2182, -0.0204, NaN, -0.1118, -0.0528, -0.0204, -0.0361, -0.0714, NaN, NaN, 0.269, -0.0421, -0.0292, -0.0421, -0.0292, -0.0576, NaN, -0.0292, -0.0421, -0.0476, -0.0292, -0.0204, -0.0204, -0.0292, 0.269, -0.0421, NaN, -0.0935, -0.0714, -0.0361, NaN, -0.0204, -0.0204, -0.0204, -0.0292, NaN, -0.0576, 0.3273, NaN, -0.0204, -0.0204, -0.0204
NaN, -0.0417, NaN, -0.0417, NaN, -0.0602, -0.0824, -0.068, NaN, -0.0516, -0.068, -0.0292, -0.0602, -0.0292, 1, NaN, 0.3632, -0.0292, NaN, NaN, -0.0292, -0.0754, -0.0292, -0.0292, -0.0602, -0.0292, -0.0516, -0.1084, NaN, NaN, -0.0602, -0.0292, -0.0292, NaN, -0.0417, NaN, -0.0292, -0.0516, 0.3118, -0.0292, NaN, -0.1598, -0.0754, -0.0292, -0.0516, 0.4082, NaN, NaN, -0.1084, -0.0602, -0.0417, -0.0602, -0.0417, -0.0824, NaN, -0.0417, -0.0602, -0.068, -0.0417, -0.0292, -0.0292, -0.0417, -0.1084, -0.0602, NaN, -0.1336, -0.1021, -0.0516, NaN, -0.0292, -0.0292, -0.0292, -0.0417, NaN, 0.2118, -0.0891, NaN, -0.0292, -0.0292, -0.0292
NaN, NaN, NaN, NaN, NaN, NaN, NaN, NaN, NaN, NaN, NaN, NaN, NaN, NaN, NaN, 1, NaN, NaN, NaN, NaN, NaN, NaN, NaN, NaN, NaN, NaN, NaN, NaN, NaN, NaN, NaN, NaN, NaN, NaN, NaN, NaN, NaN, NaN, NaN, NaN, NaN, NaN, NaN, NaN, NaN, NaN, NaN, NaN, NaN, NaN, NaN, NaN, NaN, NaN, NaN, NaN, NaN, NaN, NaN, NaN, NaN, NaN, NaN, NaN, NaN, NaN, NaN, NaN, NaN, NaN, NaN, NaN, NaN, NaN, NaN, NaN, NaN, NaN, NaN, NaN
NaN, -0.1147, NaN, -0.1147, NaN, 0.0069, 0.0432, -0.0312, NaN, 0.0552, -0.1873, -0.0803, 0.0069, -0.0803, 0.3632, NaN, 1, 0.2542, NaN, NaN, 0.2542, -0.0634, -0.0803, -0.0803, -0.1657, -0.0803, -0.142, -0.1854, NaN, NaN, 0.0069, -0.0803, 0.2542, NaN, 0.1243, NaN, -0.0803, -0.142, 0.2453, -0.0803, NaN, -0.1505, -0.2075, -0.0803, 0.0552, 0.4215, NaN, NaN, -0.0724, 0.1795, -0.1147, 0.0069, -0.1147, -0.0918, NaN, 0.1243, 0.0069, 0.1249, 0.1243, -0.0803, 0.2542, -0.1147, -0.1854, 0.0069, NaN, -0.1635, -0.1639, 0.0552, NaN, -0.0803, -0.0803, 0.2542, -0.1147, NaN, 0.0432, -0.2453, NaN, -0.0803, -0.0803, -0.0803
NaN, -0.0292, NaN, -0.0292, NaN, 0.4845, -0.0576, -0.0476, NaN, -0.0361, -0.0476, -0.0204, -0.0421, -0.0204, -0.0292, NaN, 0.2542, 1, NaN, NaN, -0.0204, -0.0528, -0.0204, -0.0204, -0.0421, -0.0204, -0.0361, -0.0759, NaN, NaN, -0.0421, -0.0204, -0.0204, NaN, -0.0292, NaN, -0.0204, -0.0361, 0.2182, -0.0204, NaN, -0.1118, -0.0528, -0.0204, -0.0361, 0.2857, NaN, NaN, -0.0759, -0.0421, -0.0292, 0.4845, -0.0292, -0.0576, NaN, -0.0292, -0.0421, -0.0476, -0.0292, -0.0204, -0.0204, -0.0292, -0.0759, -0.0421, NaN, -0.0935, -0.0714, -0.0361, NaN, -0.0204, -0.0204, -0.0204, -0.0292, NaN, -0.0576, -0.0623, NaN, -0.0204, -0.0204, -0.0204
NaN, NaN, NaN, NaN, NaN, NaN, NaN, NaN, NaN, NaN, NaN, NaN, NaN, NaN, NaN, NaN, NaN, NaN, 1, NaN, NaN, NaN, NaN, NaN, NaN, NaN, NaN, NaN, NaN, NaN, NaN, NaN, NaN, NaN, NaN, NaN, NaN, NaN, NaN, NaN, NaN, NaN, NaN, NaN, NaN, NaN, NaN, NaN, NaN, NaN, NaN, NaN, NaN, NaN, NaN, NaN, NaN, NaN, NaN, NaN, NaN, NaN, NaN, NaN, NaN, NaN, NaN, NaN, NaN, NaN, NaN, NaN, NaN, NaN, NaN, NaN, NaN, NaN, NaN, NaN
NaN, NaN, NaN, NaN, NaN, NaN, NaN, NaN, NaN, NaN, NaN, NaN, NaN, NaN, NaN, NaN, NaN, NaN, NaN, 1, NaN, NaN, NaN, NaN, NaN, NaN, NaN, NaN, NaN, NaN, NaN, NaN, NaN, NaN, NaN, NaN, NaN, NaN, NaN, NaN, NaN, NaN, NaN, NaN, NaN, NaN, NaN, NaN, NaN, NaN, NaN, NaN, NaN, NaN, NaN, NaN, NaN, NaN, NaN, NaN, NaN, NaN, NaN, NaN, NaN, NaN, NaN, NaN, NaN, NaN, NaN, NaN, NaN, NaN, NaN, NaN, NaN, NaN, NaN, NaN
NaN, -0.0292, NaN, -0.0292, NaN, -0.0421, -0.0576, -0.0476, NaN, -0.0361, -0.0476, -0.0204, -0.0421, -0.0204, -0.0292, NaN, 0.2542, -0.0204, NaN, NaN, 1, -0.0528, -0.0204, -0.0204, -0.0421, -0.0204, -0.0361, 0.269, NaN, NaN, 0.4845, -0.0204, -0.0204, NaN, -0.0292, NaN, -0.0204, -0.0361, -0.0935, -0.0204, NaN, 0.1825, -0.0528, -0.0204, -0.0361, 0.2857, NaN, NaN, -0.0759, -0.0421, -0.0292, -0.0421, -0.0292, -0.0576, NaN, -0.0292, -0.0421, -0.0476, -0.0292, -0.0204, -0.0204, -0.0292, -0.0759, -0.0421, NaN, -0.0935, -0.0714, -0.0361, NaN, -0.0204, -0.0204, -0.0204, -0.0292, NaN, -0.0576, -0.0623, NaN, -0.0204, -0.0204, -0.0204
NaN, -0.0754, NaN, -0.0754, NaN, -0.1089, -0.149, -0.1231, NaN, -0.0933, -0.1231, -0.0528, -0.1089, -0.0528, -0.0754, NaN, -0.0634, -0.0528, NaN, NaN, -0.0528, 1, -0.0528, -0.0528, -0.1089, -0.0528, -0.0933, -0.1961, NaN, NaN, -0.1089, -0.0528, -0.0528, NaN, 0.2387, NaN, -0.0528, -0.0933, -0.1074, -0.0528, NaN, -0.1623, 0.053, -0.0528, -0.0933, -0.0308, NaN, NaN, 0.5467, -0.1089, -0.0754, -0.1089, 0.2387, 0.5605, NaN, 0.2387, -0.1089, -0.1231, -0.0754, -0.0528, -0.0528, -0.0754, -0.1961, 0.118, NaN, -0.2417, -0.1846, -0.0933, NaN, -0.0528, -0.0528, -0.0528, -0.0754, NaN, -0.149, -0.1612, NaN, 0.3869, -0.0528, -0.0528
NaN, -0.0292, NaN, -0.0292, NaN, -0.0421, -0.0576, -0.0476, NaN, -0.0361, -0.0476, -0.0204, -0.0421, -0.0204, -0.0292, NaN, -0.0803, -0.0204, NaN, NaN, -0.0204, -0.0528, 1, -0.0204, -0.0421, -0.0204, -0.0361, -0.0759, NaN, NaN, -0.0421, -0.0204, -0.0204, NaN, -0.0292, NaN, -0.0204, -0.0361, -0.0935, -0.0204, NaN, 0.1825, -0.0528, -0.0204, -0.0361, -0.0714, NaN, NaN, -0.0759, -0.0421, -0.0292, -0.0421, -0.0292, -0.0576, NaN, -0.0292, -0.0421, -0.0476, -0.0292, -0.0204, -0.0204, -0.0292, 0.269, -0.0421, NaN, 0.2182, 0.2857, -0.0361, NaN, -0.0204, -0.0204, -0.0204, -0.0292, NaN, -0.0576, 0.3273, NaN, -0.0204, -0.0204, -0.0204
NaN, -0.0292, NaN, -0.0292, NaN, -0.0421, -0.0576, -0.0476, NaN, -0.0361, -0.0476, -0.0204, -0.0421, -0.0204, -0.0292, NaN, -0.0803, -0.0204, NaN, NaN, -0.0204, -0.0528, -0.0204, 1, -0.0421, -0.0204, -0.0361, -0.0759, NaN, NaN, -0.0421, -0.0204, -0.0204, NaN, -0.0292, NaN, -0.0204, -0.0361, -0.0935, -0.0204, NaN, -0.1118, -0.0528, -0.0204, -0.0361, -0.0714, NaN, NaN, -0.0759, 0.4845, 0.6999, 0.4845, -0.0292, -0.0576, NaN, -0.0292, -0.0421, -0.0476, -0.0292, -0.0204, -0.0204, -0.0292, -0.0759, 0.4845, NaN, -0.0935, -0.0714, -0.0361, NaN, -0.0204, -0.0204, -0.0204, -0.0292, NaN, -0.0576, 0.3273, NaN, -0.0204, -0.0204, 1
NaN, -0.0602, NaN, -0.0602, NaN, -0.087, 0.3059, 0.1474, NaN, -0.0745, 0.3932, -0.0421, -0.087, -0.0421, -0.0602, NaN, -0.1657, -0.0421, NaN, NaN, -0.0421, -0.1089, -0.0421, -0.0421, 1, -0.0421, 0.2359, 0.3773, NaN, NaN, 0.1848, -0.0421, -0.0421, NaN, -0.0602, NaN, -0.0421, -0.0745, -0.193, -0.0421, NaN, -0.079, -0.1089, -0.0421, -0.0745, -0.1474, NaN, NaN, 0.0214, -0.087, -0.0602, -0.087, -0.0602, 0.0935, NaN, -0.0602, -0.087, -0.0983, -0.0602, -0.0421, -0.0421, -0.0602, 0.0214, -0.087, NaN, 0.1287, 0.2212, -0.0745, NaN, -0.0421, -0.0421, -0.0421, -0.0602, NaN, -0.119, 0.0724, NaN, -0.0421, -0.0421, -0.0421
NaN, -0.0292, NaN, 0.6999, NaN, -0.0421, 0.3541, 0.4286, NaN, -0.0361, -0.0476, -0.0204, -0.0421, -0.0204, -0.0292, NaN, -0.0803, -0.0204, NaN, NaN, -0.0204, -0.0528, -0.0204, -0.0204, -0.0421, 1, -0.0361, -0.0759, NaN, NaN, -0.0421, -0.0204, -0.0204, NaN, -0.0292, NaN, 1, 0.5654, -0.0935, -0.0204, NaN, 0.1825, -0.0528, -0.0204, -0.0361, 0.2857, NaN, NaN, -0.0759, -0.0421, -0.0292, -0.0421, -0.0292, -0.0576, NaN, -0.0292, -0.0421, -0.0476, -0.0292, -0.0204, -0.0204, 0.6999, -0.0759, -0.0421, NaN, -0.0935, -0.0714, -0.0361, NaN, -0.0204, -0.0204, -0.0204, -0.0292, NaN, -0.0576, -0.0623, NaN, -0.0204, -0.0204, -0.0204
NaN, -0.0516, NaN, -0.0516, NaN, -0.0745, 0.1408, 0.4772, NaN, -0.0638, 0.1965, -0.0361, -0.0745, -0.0361, -0.0516, NaN, -0.142, -0.0361, NaN, NaN, -0.0361, -0.0933, -0.0361, -0.0361, 0.2359, -0.0361, 1, 0.0691, NaN, NaN, 0.2359, -0.0361, -0.0361, NaN, -0.0516, NaN, -0.0361, -0.0638, 0.0184, -0.0361, NaN, 0.1492, -0.0933, -0.0361, -0.0638, -0.1263, NaN, NaN, -0.1342, -0.0745, 0.3782, -0.0745, -0.0516, -0.1019, NaN, -0.0516, -0.0745, -0.0842, -0.0516, -0.0361, -0.0361, -0.0516, -0.1342, -0.0745, NaN, 0.0184, 0.0842, -0.0638, NaN, -0.0361, -0.0361, -0.0361, -0.0516, NaN, -0.1019, -0.1103, NaN, -0.0361, -0.0361, -0.0361
NaN, 0.138, NaN, -0.1084, NaN, -0.1566, 0.2031, -0.0161, NaN, 0.0691, -0.0161, 0.269, -0.1566, -0.0759, -0.1084, NaN, -0.1854, -0.0759, NaN, NaN, 0.269, -0.1961, -0.0759, -0.0759, 0.3773, -0.0759, 0.0691, 1, NaN, NaN, 0.1993, 0.269, -0.0759, NaN, -0.1084, NaN, -0.0759, 0.0691, -0.3477, -0.0759, NaN, 0.181, 0.5467, -0.0759, -0.1342, -0.1448, NaN, NaN, -0.2821, -0.1566, -0.1084, 0.0214, -0.1084, -0.2143, NaN, -0.1084, -0.1566, -0.177, -0.1084, -0.0759, -0.0759, -0.1084, -0.1655, -0.1566, NaN, 0.3898, 0.0966, -0.1342, NaN, -0.0759, -0.0759, -0.0759, -0.1084, NaN, -0.0751, -0.1001, NaN, -0.0759, -0.0759, -0.0759
NaN, NaN, NaN, NaN, NaN, NaN, NaN, NaN, NaN, NaN, NaN, NaN, NaN, NaN, NaN, NaN, NaN, NaN, NaN, NaN, NaN, NaN, NaN, NaN, NaN, NaN, NaN, NaN, 1, NaN, NaN, NaN, NaN, NaN, NaN, NaN, NaN, NaN, NaN, NaN, NaN, NaN, NaN, NaN, NaN, NaN, NaN, NaN, NaN, NaN, NaN, NaN, NaN, NaN, NaN, NaN, NaN, NaN, NaN, NaN, NaN, NaN, NaN, NaN, NaN, NaN, NaN, NaN, NaN, NaN, NaN, NaN, NaN, NaN, NaN, NaN, NaN, NaN, NaN, NaN
NaN, NaN, NaN, NaN, NaN, NaN, NaN, NaN, NaN, NaN, NaN, NaN, NaN, NaN, NaN, NaN, NaN, NaN, NaN, NaN, NaN, NaN, NaN, NaN, NaN, NaN, NaN, NaN, NaN, 1, NaN, NaN, NaN, NaN, NaN, NaN, NaN, NaN, NaN, NaN, NaN, NaN, NaN, NaN, NaN, NaN, NaN, NaN, NaN, NaN, NaN, NaN, NaN, NaN, NaN, NaN, NaN, NaN, NaN, NaN, NaN, NaN, NaN, NaN, NaN, NaN, NaN, NaN, NaN, NaN, NaN, NaN, NaN, NaN, NaN, NaN, NaN, NaN, NaN, NaN
NaN, -0.0602, NaN, -0.0602, NaN, -0.087, 0.0935, 0.1474, NaN, -0.0745, -0.0983, -0.0421, -0.087, -0.0421, -0.0602, NaN, 0.0069, -0.0421, NaN, NaN, 0.4845, -0.1089, -0.0421, -0.0421, 0.1848, -0.0421, 0.2359, 0.1993, NaN, NaN, 1, -0.0421, -0.0421, NaN, -0.0602, NaN, -0.0421, -0.0745, -0.193, -0.0421, NaN, 0.0729, -0.1089, -0.0421, -0.0745, 0.2212, NaN, NaN, -0.1566, -0.087, -0.0602, -0.087, 0.316, -0.119, NaN, -0.0602, -0.087, -0.0983, -0.0602, -0.0421, -0.0421, -0.0602, -0.1566, -0.087, NaN, -0.193, -0.1474, -0.0745, NaN, -0.0421, -0.0421, -0.0421, 0.6922, NaN, -0.119, -0.1287, NaN, -0.0421, -0.0421, -0.0421
NaN, -0.0292, NaN, -0.0292, NaN, -0.0421, 0.3541, -0.0476, NaN, -0.0361, -0.0476, 1, -0.0421, -0.0204, -0.0292, NaN, -0.0803, -0.0204, NaN, NaN, -0.0204, -0.0528, -0.0204, -0.0204, -0.0421, -0.0204, -0.0361, 0.269, NaN, NaN, -0.0421, 1, -0.0204, NaN, -0.0292, NaN, -0.0204, 0.5654, -0.0935, -0.0204, NaN, -0.1118, -0.0528, -0.0204, -0.0361, -0.0714, NaN, NaN, -0.0759, -0.0421, -0.0292, 0.4845, -0.0292, -0.0576, NaN, -0.0292, -0.0421, -0.0476, -0.0292, -0.0204, -0.0204, -0.0292, -0.0759, -0.0421, NaN, 0.2182, 0.2857, -0.0361, NaN, -0.0204, -0.0204, -0.0204, -0.0292, NaN, -0.0576, 0.3273, NaN, -0.0204, -0.0204, -0.0204
NaN, -0.0292, NaN, -0.0292, NaN, -0.0421, -0.0576, -0.0476, NaN, -0.0361, -0.0476, -0.0204, -0.0421, -0.0204, -0.0292, NaN, 0.2542, -0.0204, NaN, NaN, -0.0204, -0.0528, -0.0204, -0.0204, -0.0421, -0.0204, -0.0361, -0.0759, NaN, NaN, -0.0421, -0.0204, 1, NaN, -0.0292, NaN, -0.0204, -0.0361, 0.2182, -0.0204, NaN, -0.1118, -0.0528, -0.0204, -0.0361, -0.0714, NaN, NaN, -0.0759, -0.0421, -0.0292, -0.0421, -0.0292, -0.0576, NaN, -0.0292, -0.0421, -0.0476, -0.0292, -0.0204, -0.0204, -0.0292, -0.0759, -0.0421, NaN, -0.0935, -0.0714, 0.5654, NaN, -0.0204, -0.0204, -0.0204, -0.0292, NaN, -0.0576, -0.0623, NaN, -0.0204, -0.0204, -0.0204
NaN, NaN, NaN, NaN, NaN, NaN, NaN, NaN, NaN, NaN, NaN, NaN, NaN, NaN, NaN, NaN, NaN, NaN, NaN, NaN, NaN, NaN, NaN, NaN, NaN, NaN, NaN, NaN, NaN, NaN, NaN, NaN, NaN, 1, NaN, NaN, NaN, NaN, NaN, NaN, NaN, NaN, NaN, NaN, NaN, NaN, NaN, NaN, NaN, NaN, NaN, NaN, NaN, NaN, NaN, NaN, NaN, NaN, NaN, NaN, NaN, NaN, NaN, NaN, NaN, NaN, NaN, NaN, NaN, NaN, NaN, NaN, NaN, NaN, NaN, NaN, NaN, NaN, NaN, NaN
NaN, -0.0417, NaN, -0.0417, NaN, -0.0602, 0.2118, -0.068, NaN, -0.0516, -0.068, -0.0292, -0.0602, -0.0292, -0.0417, NaN, 0.1243, -0.0292, NaN, NaN, -0.0292, 0.2387, -0.0292, -0.0292, -0.0602, -0.0292, -0.0516, -0.1084, NaN, NaN, -0.0602, -0.0292, -0.0292, NaN, 1, NaN, -0.0292, -0.0516, -0.1336, -0.0292, NaN, -0.1598, 0.2387, -0.0292, -0.0516, -0.1021, NaN, NaN, 0.3844, 0.316, -0.0417, -0.0602, -0.0417, 0.2118, NaN, -0.0417, -0.0602, 0.2722, -0.0417, -0.0292, -0.0292, -0.0417, -0.1084, -0.0602, NaN, 0.0891, -0.1021, -0.0516, NaN, -0.0292, -0.0292, -0.0292, -0.0417, NaN, -0.0824, -0.0891, NaN, -0.0292, -0.0292, -0.0292
NaN, NaN, NaN, NaN, NaN, NaN, NaN, NaN, NaN, NaN, NaN, NaN, NaN, NaN, NaN, NaN, NaN, NaN, NaN, NaN, NaN, NaN, NaN, NaN, NaN, NaN, NaN, NaN, NaN, NaN, NaN, NaN, NaN, NaN, NaN, 1, NaN, NaN, NaN, NaN, NaN, NaN, NaN, NaN, NaN, NaN, NaN, NaN, NaN, NaN, NaN, NaN, NaN, NaN, NaN, NaN, NaN, NaN, NaN, NaN, NaN, NaN, NaN, NaN, NaN, NaN, NaN, NaN, NaN, NaN, NaN, NaN, NaN, NaN, NaN, NaN, NaN, NaN, NaN, NaN
NaN, -0.0292, NaN, 0.6999, NaN, -0.0421, 0.3541, 0.4286, NaN, -0.0361, -0.0476, -0.0204, -0.0421, -0.0204, -0.0292, NaN, -0.0803, -0.0204, NaN, NaN, -0.0204, -0.0528, -0.0204, -0.0204, -0.0421, 1, -0.0361, -0.0759, NaN, NaN, -0.0421, -0.0204, -0.0204, NaN, -0.0292, NaN, 1, 0.5654, -0.0935, -0.0204, NaN, 0.1825, -0.0528, -0.0204, -0.0361, 0.2857, NaN, NaN, -0.0759, -0.0421, -0.0292, -0.0421, -0.0292, -0.0576, NaN, -0.0292, -0.0421, -0.0476, -0.0292, -0.0204, -0.0204, 0.6999, -0.0759, -0.0421, NaN, -0.0935, -0.0714, -0.0361, NaN, -0.0204, -0.0204, -0.0204, -0.0292, NaN, -0.0576, -0.0623, NaN, -0.0204, -0.0204, -0.0204
NaN, -0.0516, NaN, 0.3782, NaN, -0.0745, 0.6262, 0.4772, NaN, -0.0638, -0.0842, 0.5654, -0.0745, -0.0361, -0.0516, NaN, -0.142, -0.0361, NaN, NaN, -0.0361, -0.0933, -0.0361, -0.0361, -0.0745, 0.5654, -0.0638, 0.0691, NaN, NaN, -0.0745, 0.5654, -0.0361, NaN, -0.0516, NaN, 0.5654, 1, -0.1654, -0.0361, NaN, 0.1492, -0.0933, 0.5654, -0.0638, 0.0842, NaN, NaN, -0.1342, -0.0745, -0.0516, 0.2359, -0.0516, -0.1019, NaN, 0.3782, -0.0745, -0.0842, -0.0516, -0.0361, -0.0361, 0.8079, -0.1342, -0.0745, NaN, 0.0184, 0.0842, -0.0638, NaN, -0.0361, -0.0361, -0.0361, -0.0516, NaN, -0.1019, 0.1195, NaN, -0.0361, -0.0361, -0.0361
NaN, -0.1336, NaN, 0.0891, NaN, 0.1287, -0.2641, -0.0727, NaN, -0.1654, 0.0727, -0.0935, 0.2896, 0.2182, 0.3118, NaN, 0.2453, 0.2182, NaN, NaN, -0.0935, -0.1074, -0.0935, -0.0935, -0.193, -0.0935, 0.0184, -0.3477, NaN, NaN, -0.193, -0.0935, 0.2182, NaN, -0.1336, NaN, -0.0935, -0.1654, 1, 0.2182, NaN, -0.1529, -0.2417, -0.0935, 0.2021, 0.2182, NaN, NaN, -0.2423, -0.193, -0.1336, 0.1287, -0.1336, -0.2641, NaN, 0.0891, 0.1287, -0.0727, 0.3118, -0.0935, -0.0935, -0.1336, -0.0316, -0.0322, NaN, -0.2381, -0.2182, 0.2021, NaN, 0.2182, 0.2182, -0.0935, -0.1336, NaN, -0.0126, -0.0476, NaN, -0.0935, -0.0935, -0.0935
NaN, -0.0292, NaN, -0.0292, NaN, 0.4845, -0.0576, -0.0476, NaN, -0.0361, -0.0476, -0.0204, -0.0421, -0.0204, -0.0292, NaN, -0.0803, -0.0204, NaN, NaN, -0.0204, -0.0528, -0.0204, -0.0204, -0.0421, -0.0204, -0.0361, -0.0759, NaN, NaN, -0.0421, -0.0204, -0.0204, NaN, -0.0292, NaN, -0.0204, -0.0361, 0.2182, 1, NaN, 0.1825, -0.0528, -0.0204, -0.0361, -0.0714, NaN, NaN, -0.0759, -0.0421, -0.0292, 0.4845, -0.0292, -0.0576, NaN, -0.0292, -0.0421, -0.0476, -0.0292, -0.0204, -0.0204, -0.0292, -0.0759, -0.0421, NaN, -0.0935, -0.0714, -0.0361, NaN, -0.0204, -0.0204, -0.0204, -0.0292, NaN, -0.0576, 0.3273, NaN, -0.0204, -0.0204, -0.0204
NaN, NaN, NaN, NaN, NaN, NaN, NaN, NaN, NaN, NaN, NaN, NaN, NaN, NaN, NaN, NaN, NaN, NaN, NaN, NaN, NaN, NaN, NaN, NaN, NaN, NaN, NaN, NaN, NaN, NaN, NaN, NaN, NaN, NaN, NaN, NaN, NaN, NaN, NaN, NaN, 1, NaN, NaN, NaN, NaN, NaN, NaN, NaN, NaN, NaN, NaN, NaN, NaN, NaN, NaN, NaN, NaN, NaN, NaN, NaN, NaN, NaN, NaN, NaN, NaN, NaN, NaN, NaN, NaN, NaN, NaN, NaN, NaN, NaN, NaN, NaN, NaN, NaN, NaN, NaN
NaN, 0.2607, NaN, 0.0505, NaN, 0.0729, 0.0404, 0.1511, NaN, 0.1492, 0.0137, -0.1118, -0.2309, -0.1118, -0.1598, NaN, -0.1505, -0.1118, NaN, NaN, 0.1825, -0.1623, 0.1825, -0.1118, -0.079, 0.1825, 0.1492, 0.181, NaN, NaN, 0.0729, -0.1118, -0.1118, NaN, -0.1598, NaN, 0.1825, 0.1492, -0.1529, 0.1825, NaN, 1, 0.2181, 0.1825, 0.3227, -0.1854, NaN, NaN, -0.2168, -0.079, 0.0505, -0.079, 0.0505, 0.0404, NaN, 0.0505, -0.2309, 0.1511, 0.2607, -0.1118, -0.1118, 0.2607, -0.2168, 0.0729, NaN, 0.2967, -0.0824, 0.1492, NaN, 0.1825, -0.1118, -0.1118, -0.1598, NaN, -0.1971, -0.1169, NaN, -0.1118, 0.1825, -0.1118
NaN, 0.2387, NaN, -0.0754, NaN, -0.1089, -0.149, -0.1231, NaN, 0.1659, -0.1231, -0.0528, -0.1089, -0.0528, -0.0754, NaN, -0.2075, -0.0528, NaN, NaN, -0.0528, 0.053, -0.0528, -0.0528, -0.1089, -0.0528, -0.0933, 0.5467, NaN, NaN, -0.1089, -0.0528, -0.0528, NaN, 0.2387, NaN, -0.0528, -0.0933, -0.2417, -0.0528, NaN, 0.2181, 1, -0.0528, -0.0933, -0.1846, NaN, NaN, -0.0475, -0.1089, -0.0754, -0.1089, -0.0754, 0.0284, NaN, -0.0754, -0.1089, -0.1231, -0.0754, -0.0528, -0.0528, -0.0754, -0.1961, -0.1089, NaN, 0.2955, -0.1846, -0.0933, NaN, -0.0528, -0.0528, -0.0528, -0.0754, NaN, -0.149, -0.1612, NaN, -0.0528, -0.0528, -0.0528
NaN, -0.0292, NaN, -0.0292, NaN, -0.0421, 0.3541, 0.4286, NaN, -0.0361, -0.0476, -0.0204, -0.0421, -0.0204, -0.0292, NaN, -0.0803, -0.0204, NaN, NaN, -0.0204, -0.0528, -0.0204, -0.0204, -0.0421, -0.0204, -0.0361, -0.0759, NaN, NaN, -0.0421, -0.0204, -0.0204, NaN, -0.0292, NaN, -0.0204, 0.5654, -0.0935, -0.0204, NaN, 0.1825, -0.0528, 1, -0.0361, -0.0714, NaN, NaN, -0.0759, -0.0421, -0.0292, -0.0421, -0.0292, -0.0576, NaN, 0.6999, -0.0421, -0.0476, -0.0292, -0.0204, -0.0204, 0.6999, -0.0759, -0.0421, NaN, -0.0935, -0.0714, -0.0361, NaN, -0.0204, -0.0204, -0.0204, -0.0292, NaN, -0.0576, -0.0623, NaN, -0.0204, -0.0204, -0.0204
NaN, -0.0516, NaN, -0.0516, NaN, 0.2359, -0.1019, -0.0842, NaN, -0.0638, -0.0842, -0.0361, -0.0745, -0.0361, -0.0516, NaN, 0.0552, -0.0361, NaN, NaN, -0.0361, -0.0933, -0.0361, -0.0361, -0.0745, -0.0361, -0.0638, -0.1342, NaN, NaN, -0.0745, -0.0361, -0.0361, NaN, -0.0516, NaN, -0.0361, -0.0638, 0.2021, -0.0361, NaN, 0.3227, -0.0933, -0.0361, 1, -0.1263, NaN, NaN, -0.1342, -0.0745, -0.0516, -0.0745, -0.0516, 0.1408, NaN, -0.0516, -0.0745, 0.4772, 0.8079, -0.0361, -0.0361, -0.0516, -0.1342, 0.2359, NaN, 0.2021, -0.1263, 0.6454, NaN, -0.0361, -0.0361, -0.0361, -0.0516, NaN, 0.1408, -0.1103, NaN, -0.0361, -0.0361, -0.0361
NaN, -0.1021, NaN, 0.1531, NaN, 0.2212, -0.0576, 0, NaN, -0.1263, 0, -0.0714, -0.1474, -0.0714, 0.4082, NaN, 0.4215, 0.2857, NaN, NaN, 0.2857, -0.0308, -0.0714, -0.0714, -0.1474, 0.2857, -0.1263, -0.1448, NaN, NaN, 0.2212, -0.0714, -0.0714, NaN, -0.1021, NaN, 0.2857, 0.0842, 0.2182, -0.0714, NaN, -0.1854, -0.1846, -0.0714, -0.1263, 1, NaN, NaN, -0.2655, -0.1474, -0.1021, 0.0369, -0.1021, -0.2017, NaN, 0.1531, -0.1474, -0.1667, -0.1021, -0.0714, -0.0714, 0.1531, -0.0241, -0.1474, NaN, -0.3273, 0, -0.1263, NaN, -0.0714, -0.0714, -0.0714, 0.1531, NaN, 0.2306, -0.2182, NaN, -0.0714, -0.0714, -0.0714
NaN, NaN, NaN, NaN, NaN, NaN, NaN, NaN, NaN, NaN, NaN, NaN, NaN, NaN, NaN, NaN, NaN, NaN, NaN, NaN, NaN, NaN, NaN, NaN, NaN, NaN, NaN, NaN, NaN, NaN, NaN, NaN, NaN, NaN, NaN, NaN, NaN, NaN, NaN, NaN, NaN, NaN, NaN, NaN, NaN, NaN, 1, NaN, NaN, NaN, NaN, NaN, NaN, NaN, NaN, NaN, NaN, NaN, NaN, NaN, NaN, NaN, NaN, NaN, NaN, NaN, NaN, NaN, NaN, NaN, NaN, NaN, NaN, NaN, NaN, NaN, NaN, NaN, NaN, NaN
NaN, NaN, NaN, NaN, NaN, NaN, NaN, NaN, NaN, NaN, NaN, NaN, NaN, NaN, NaN, NaN, NaN, NaN, NaN, NaN, NaN, NaN, NaN, NaN, NaN, NaN, NaN, NaN, NaN, NaN, NaN, NaN, NaN, NaN, NaN, NaN, NaN, NaN, NaN, NaN, NaN, NaN, NaN, NaN, NaN, NaN, NaN, 1, NaN, NaN, NaN, NaN, NaN, NaN, NaN, NaN, NaN, NaN, NaN, NaN, NaN, NaN, NaN, NaN, NaN, NaN, NaN, NaN, NaN, NaN, NaN, NaN, NaN, NaN, NaN, NaN, NaN, NaN, NaN, NaN
NaN, -0.1084, NaN, -0.1084, NaN, -0.1566, -0.0751, -0.177, NaN, -0.1342, -0.0161, -0.0759, -0.1566, 0.269, -0.1084, NaN, -0.0724, -0.0759, NaN, NaN, -0.0759, 0.5467, -0.0759, -0.0759, 0.0214, -0.0759, -0.1342, -0.2821, NaN, NaN, -0.1566, -0.0759, -0.0759, NaN, 0.3844, NaN, -0.0759, -0.1342, -0.2423, -0.0759, NaN, -0.2168, -0.0475, -0.0759, -0.1342, -0.2655, NaN, NaN, 1, 0.0214, -0.1084, -0.1566, 0.138, 0.6206, NaN, -0.1084, 0.0214, -0.0161, -0.1084, 0.269, -0.0759, -0.1084, 0.1841, 0.1993, NaN, -0.2423, -0.1448, -0.1342, NaN, -0.0759, -0.0759, -0.0759, -0.1084, NaN, -0.0751, 0.295, NaN, 0.269, -0.0759, -0.0759
NaN, -0.0602, NaN, -0.0602, NaN, -0.087, 0.3059, 0.1474, NaN, 0.2359, -0.0983, -0.0421, -0.087, -0.0421, -0.0602, NaN, 0.1795, -0.0421, NaN, NaN, -0.0421, -0.1089, -0.0421, 0.4845, -0.087, -0.0421, -0.0745, -0.1566, NaN, NaN, -0.087, -0.0421, -0.0421, NaN, 0.316, NaN, -0.0421, -0.0745, -0.193, -0.0421, NaN, -0.079, -0.1089, -0.0421, -0.0745, -0.1474, NaN, NaN, 0.0214, 1, 0.316, 0.1848, -0.0602, -0.119, NaN, -0.0602, -0.087, 0.6389, -0.0602, -0.0421, 0.4845, -0.0602, -0.1566, 0.1848, NaN, 0.2896, -0.1474, -0.0745, NaN, -0.0421, -0.0421, -0.0421, -0.0602, NaN, -0.119, 0.0724, NaN, -0.0421, -0.0421, 0.4845
NaN, -0.0417, NaN, -0.0417, NaN, -0.0602, -0.0824, -0.068, NaN, -0.0516, 0.2722, -0.0292, -0.0602, -0.0292, -0.0417, NaN, -0.1147, -0.0292, NaN, NaN, -0.0292, -0.0754, -0.0292, 0.6999, -0.0602, -0.0292, 0.3782, -0.1084, NaN, NaN, -0.0602, -0.0292, -0.0292, NaN, -0.0417, NaN, -0.0292, -0.0516, -0.1336, -0.0292, NaN, 0.0505, -0.0754, -0.0292, -0.0516, -0.1021, NaN, NaN, -0.1084, 0.316, 1, 0.316, -0.0417, -0.0824, NaN, -0.0417, -0.0602, -0.068, -0.0417, -0.0292, -0.0292, -0.0417, -0.1084, 0.316, NaN, 0.0891, 0.1531, -0.0516, NaN, -0.0292, -0.0292, -0.0292, -0.0417, NaN, -0.0824, 0.1893, NaN, -0.0292, -0.0292, 0.6999
NaN, -0.0602, NaN, -0.0602, NaN, 0.4565, 0.0935, -0.0983, NaN, -0.0745, -0.0983, 0.4845, -0.087, -0.0421, -0.0602, NaN, 0.0069, 0.4845, NaN, NaN, -0.0421, -0.1089, -0.0421, 0.4845, -0.087, -0.0421, -0.0745, 0.0214, NaN, NaN, -0.087, 0.4845, -0.0421, NaN, -0.0602, NaN, -0.0421, 0.2359, 0.1287, 0.4845, NaN, -0.079, -0.1089, -0.0421, -0.0745, 0.0369, NaN, NaN, -0.1566, 0.1848, 0.316, 1, -0.0602, -0.119, NaN, -0.0602, -0.087, -0.0983, -0.0602, -0.0421, -0.0421, -0.0602, -0.1566, 0.1848, NaN, -0.0322, 0.0369, -0.0745, NaN, -0.0421, -0.0421, -0.0421, -0.0602, NaN, -0.119, 0.4746, NaN, -0.0421, -0.0421, 0.4845
NaN, -0.0417, NaN, -0.0417, NaN, -0.0602, -0.0824, -0.068, NaN, -0.0516, -0.068, -0.0292, -0.0602, -0.0292, -0.0417, NaN, -0.1147, -0.0292, NaN, NaN, -0.0292, 0.2387, -0.0292, -0.0292, -0.0602, -0.0292, -0.0516, -0.1084, NaN, NaN, 0.316, -0.0292, -0.0292, NaN, -0.0417, NaN, -0.0292, -0.0516, -0.1336, -0.0292, NaN, 0.0505, -0.0754, -0.0292, -0.0516, -0.1021, NaN, NaN, 0.138, -0.0602, -0.0417, -0.0602, 1, 0.2118, NaN, -0.0417, -0.0602, -0.068, -0.0417, -0.0292, -0.0292, -0.0417, -0.1084, 0.316, NaN, -0.1336, -0.1021, -0.0516, NaN, -0.0292, -0.0292, -0.0292, 0.4792, NaN, -0.0824, -0.0891, NaN, -0.0292, -0.0292, -0.0292
NaN, -0.0824, NaN, -0.0824, NaN, 0.0935, -0.1628, -0.1345, NaN, -0.1019, 0.0576, -0.0576, -0.119, -0.0576, -0.0824, NaN, -0.0918, -0.0576, NaN, NaN, -0.0576, 0.5605, -0.0576, -0.0576, 0.0935, -0.0576, -0.1019, -0.2143, NaN, NaN, -0.119, -0.0576, -0.0576, NaN, 0.2118, NaN, -0.0576, -0.1019, -0.2641, -0.0576, NaN, 0.0404, 0.0284, -0.0576, 0.1408, -0.2017, NaN, NaN, 0.6206, -0.119, -0.0824, -0.119, 0.2118, 1, NaN, -0.0824, -0.119, 0.0576, -0.0824, -0.0576, -0.0576, -0.0824, -0.0751, 0.0935, NaN, -0.1384, -0.2017, 0.1408, NaN, -0.0576, -0.0576, -0.0576, -0.0824, NaN, 0.0033, -0.0189, NaN, -0.0576, -0.0576, -0.0576
NaN, NaN, NaN, NaN, NaN, NaN, NaN, NaN, NaN, NaN, NaN, NaN, NaN, NaN, NaN, NaN, NaN, NaN, NaN, NaN, NaN, NaN, NaN, NaN, NaN, NaN, NaN, NaN, NaN, NaN, NaN, NaN, NaN, NaN, NaN, NaN, NaN, NaN, NaN, NaN, NaN, NaN, NaN, NaN, NaN, NaN, NaN, NaN, NaN, NaN, NaN, NaN, NaN, NaN, 1, NaN, NaN, NaN, NaN, NaN, NaN, NaN, NaN, NaN, NaN, NaN, NaN, NaN, NaN, NaN, NaN, NaN, NaN, NaN, NaN, NaN, NaN, NaN, NaN, NaN
NaN, -0.0417, NaN, -0.0417, NaN, -0.0602, 0.2118, 0.2722, NaN, -0.0516, -0.068, -0.0292, -0.0602, -0.0292, -0.0417, NaN, 0.1243, -0.0292, NaN, NaN, -0.0292, 0.2387, -0.0292, -0.0292, -0.0602, -0.0292, -0.0516, -0.1084, NaN, NaN, -0.0602, -0.0292, -0.0292, NaN, -0.0417, NaN, -0.0292, 0.3782, 0.0891, -0.0292, NaN, 0.0505, -0.0754, 0.6999, -0.0516, 0.1531, NaN, NaN, -0.1084, -0.0602, -0.0417, -0.0602, -0.0417, -0.0824, NaN, 1, -0.0602, -0.068, -0.0417, -0.0292, -0.0292, 0.4792, -0.1084, -0.0602, NaN, -0.1336, -0.1021, -0.0516, NaN, -0.0292, -0.0292, -0.0292, -0.0417, NaN, -0.0824, -0.0891, NaN, -0.0292, -0.0292, -0.0292
NaN, -0.0602, NaN, 0.316, NaN, -0.087, -0.119, -0.0983, NaN, -0.0745, -0.0983, -0.0421, 0.7283, -0.0421, -0.0602, NaN, 0.0069, -0.0421, NaN, NaN, -0.0421, -0.1089, -0.0421, -0.0421, -0.087, -0.0421, -0.0745, -0.1566, NaN, NaN, -0.087, -0.0421, -0.0421, NaN, -0.0602, NaN, -0.0421, -0.0745, 0.1287, -0.0421, NaN, -0.2309, -0.1089, -0.0421, -0.0745, -0.1474, NaN, NaN, 0.0214, -0.087, -0.0602, -0.087, -0.0602, -0.119, NaN, -0.0602, 1, -0.0983, -0.0602, 0.4845, -0.0421, -0.0602, 0.1993, 0.1848, NaN, -0.193, 0.2212, -0.0745, NaN, -0.0421, 0.4845, 0.4845, -0.0602, NaN, 0.3059, 0.0724, NaN, -0.0421, -0.0421, -0.0421
NaN, -0.068, NaN, -0.068, NaN, 0.1474, 0.2498, 0.1111, NaN, 0.1965, -0.1111, -0.0476, -0.0983, -0.0476, -0.068, NaN, 0.1249, -0.0476, NaN, NaN, -0.0476, -0.1231, -0.0476, -0.0476, -0.0983, -0.0476, -0.0842, -0.177, NaN, NaN, -0.0983, -0.0476, -0.0476, NaN, 0.2722, NaN, -0.0476, -0.0842, -0.0727, -0.0476, NaN, 0.1511, -0.1231, -0.0476, 0.4772, -0.1667, NaN, NaN, -0.0161, 0.6389, -0.068, -0.0983, -0.068, 0.0576, NaN, -0.068, -0.0983, 1, 0.2722, -0.0476, 0.4286, -0.068, -0.177, -0.0983, NaN, 0.5092, -0.1667, 0.4772, NaN, -0.0476, -0.0476, -0.0476, -0.068, NaN, 0.0576, -0.1455, NaN, -0.0476, -0.0476, -0.0476
NaN, -0.0417, NaN, -0.0417, NaN, -0.0602, -0.0824, -0.068, NaN, -0.0516, -0.068, -0.0292, -0.0602, -0.0292, -0.0417, NaN, 0.1243, -0.0292, NaN, NaN, -0.0292, -0.0754, -0.0292, -0.0292, -0.0602, -0.0292, -0.0516, -0.1084, NaN, NaN, -0.0602, -0.0292, -0.0292, NaN, -0.0417, NaN, -0.0292, -0.0516, 0.3118, -0.0292, NaN, 0.2607, -0.0754, -0.0292, 0.8079, -0.1021, NaN, NaN, -0.1084, -0.0602, -0.0417, -0.0602, -0.0417, -0.0824, NaN, -0.0417, -0.0602, 0.2722, 1, -0.0292, -0.0292, -0.0417, -0.1084, 0.316, NaN, 0.0891, -0.1021, 0.3782, NaN, -0.0292, -0.0292, -0.0292, -0.0417, NaN, -0.0824, -0.0891, NaN, -0.0292, -0.0292, -0.0292
NaN, -0.0292, NaN, -0.0292, NaN, -0.0421, -0.0576, -0.0476, NaN, -0.0361, -0.0476, -0.0204, -0.0421, -0.0204, -0.0292, NaN, -0.0803, -0.0204, NaN, NaN, -0.0204, -0.0528, -0.0204, -0.0204, -0.0421, -0.0204, -0.0361, -0.0759, NaN, NaN, -0.0421, -0.0204, -0.0204, NaN, -0.0292, NaN, -0.0204, -0.0361, -0.0935, -0.0204, NaN, -0.1118, -0.0528, -0.0204, -0.0361, -0.0714, NaN, NaN, 0.269, -0.0421, -0.0292, -0.0421, -0.0292, -0.0576, NaN, -0.0292, 0.4845, -0.0476, -0.0292, 1, -0.0204, -0.0292, 0.269, 0.4845, NaN, -0.0935, 0.2857, -0.0361, NaN, -0.0204, -0.0204, -0.0204, -0.0292, NaN, 0.3541, 0.3273, NaN, -0.0204, -0.0204, -0.0204
NaN, -0.0292, NaN, -0.0292, NaN, -0.0421, 0.3541, 0.4286, NaN, 0.5654, -0.0476, -0.0204, -0.0421, -0.0204, -0.0292, NaN, 0.2542, -0.0204, NaN, NaN, -0.0204, -0.0528, -0.0204, -0.0204, -0.0421, -0.0204, -0.0361, -0.0759, NaN, NaN, -0.0421, -0.0204, -0.0204, NaN, -0.0292, NaN, -0.0204, -0.0361, -0.0935, -0.0204, NaN, -0.1118, -0.0528, -0.0204, -0.0361, -0.0714, NaN, NaN, -0.0759, 0.4845, -0.0292, -0.0421, -0.0292, -0.0576, NaN, -0.0292, -0.0421, 0.4286, -0.0292, -0.0204, 1, -0.0292, -0.0759, -0.0421, NaN, 0.2182, -0.0714, -0.0361, NaN, -0.0204, -0.0204, -0.0204, -0.0292, NaN, -0.0576, -0.0623, NaN, -0.0204, -0.0204, -0.0204
NaN, -0.0417, NaN, 0.4792, NaN, -0.0602, 0.5059, 0.6124, NaN, -0.0516, -0.068, -0.0292, -0.0602, -0.0292, -0.0417, NaN, -0.1147, -0.0292, NaN, NaN, -0.0292, -0.0754, -0.0292, -0.0292, -0.0602, 0.6999, -0.0516, -0.1084, NaN, NaN, -0.0602, -0.0292, -0.0292, NaN, -0.0417, NaN, 0.6999, 0.8079, -0.1336, -0.0292, NaN, 0.2607, -0.0754, 0.6999, -0.0516, 0.1531, NaN, NaN, -0.1084, -0.0602, -0.0417, -0.0602, -0.0417, -0.0824, NaN, 0.4792, -0.0602, -0.068, -0.0417, -0.0292, -0.0292, 1, -0.1084, -0.0602, NaN, -0.1336, -0.1021, -0.0516, NaN, -0.0292, -0.0292, -0.0292, -0.0417, NaN, -0.0824, -0.0891, NaN, -0.0292, -0.0292, -0.0292
NaN, 0.138, NaN, 0.138, NaN, 0.0214, -0.2143, -0.177, NaN, 0.0691, -0.0161, -0.0759, 0.1993, 0.269, -0.1084, NaN, -0.1854, -0.0759, NaN, NaN, -0.0759, -0.1961, 0.269, -0.0759, 0.0214, -0.0759, -0.1342, -0.1655, NaN, NaN, -0.1566, -0.0759, -0.0759, NaN, -0.1084, NaN, -0.0759, -0.1342, -0.0316, -0.0759, NaN, -0.2168, -0.1961, -0.0759, -0.1342, -0.0241, NaN, NaN, 0.1841, -0.1566, -0.1084, -0.1566, -0.1084, -0.0751, NaN, -0.1084, 0.1993, -0.177, -0.1084, 0.269, -0.0759, -0.1084, 1, 0.0214, NaN, -0.2423, 0.4587, -0.1342, NaN, -0.0759, -0.0759, -0.0759, -0.1084, NaN, 0.4814, 0.4267, NaN, -0.0759, 0.269, -0.0759
NaN, -0.0602, NaN, -0.0602, NaN, -0.087, -0.119, -0.0983, NaN, -0.0745, -0.0983, -0.0421, -0.087, -0.0421, -0.0602, NaN, 0.0069, -0.0421, NaN, NaN, -0.0421, 0.118, -0.0421, 0.4845, -0.087, -0.0421, -0.0745, -0.1566, NaN, NaN, -0.087, -0.0421, -0.0421, NaN, -0.0602, NaN, -0.0421, -0.0745, -0.0322, -0.0421, NaN, 0.0729, -0.1089, -0.0421, 0.2359, -0.1474, NaN, NaN, 0.1993, 0.1848, 0.316, 0.1848, 0.316, 0.0935, NaN, -0.0602, 0.1848, -0.0983, 0.316, 0.4845, -0.0421, -0.0602, 0.0214, 1, NaN, -0.193, 0.0369, -0.0745, NaN, -0.0421, -0.0421, -0.0421, -0.0602, NaN, 0.0935, 0.2735, NaN, -0.0421, -0.0421, 0.4845
NaN, NaN, NaN, NaN, NaN, NaN, NaN, NaN, NaN, NaN, NaN, NaN, NaN, NaN, NaN, NaN, NaN, NaN, NaN, NaN, NaN, NaN, NaN, NaN, NaN, NaN, NaN, NaN, NaN, NaN, NaN, NaN, NaN, NaN, NaN, NaN, NaN, NaN, NaN, NaN, NaN, NaN, NaN, NaN, NaN, NaN, NaN, NaN, NaN, NaN, NaN, NaN, NaN, NaN, NaN, NaN, NaN, NaN, NaN, NaN, NaN, NaN, NaN, NaN, 1, NaN, NaN, NaN, NaN, NaN, NaN, NaN, NaN, NaN, NaN, NaN, NaN, NaN, NaN, NaN
NaN, -0.1336, NaN, -0.1336, NaN, -0.0322, 0.239, -0.0727, NaN, 0.0184, 0.2182, 0.2182, -0.193, -0.0935, -0.1336, NaN, -0.1635, -0.0935, NaN, NaN, -0.0935, -0.2417, 0.2182, -0.0935, 0.1287, -0.0935, 0.0184, 0.3898, NaN, NaN, -0.193, 0.2182, -0.0935, NaN, 0.0891, NaN, -0.0935, 0.0184, -0.2381, -0.0935, NaN, 0.2967, 0.2955, -0.0935, 0.2021, -0.3273, NaN, NaN, -0.2423, 0.2896, 0.0891, -0.0322, -0.1336, -0.1384, NaN, -0.1336, -0.193, 0.5092, 0.0891, -0.0935, 0.2182, -0.1336, -0.2423, -0.193, NaN, 1, 0.2182, 0.2021, NaN, 0.2182, -0.0935, -0.0935, -0.1336, NaN, -0.1384, -0.0476, NaN, -0.0935, -0.0935, -0.0935
NaN, 0.1531, NaN, 0.1531, NaN, 0.0369, 0.0865, -0.1667, NaN, 0.0842, 0.1667, 0.2857, 0.0369, -0.0714, -0.1021, NaN, -0.1639, -0.0714, NaN, NaN, -0.0714, -0.1846, 0.2857, -0.0714, 0.2212, -0.0714, 0.0842, 0.0966, NaN, NaN, -0.1474, 0.2857, -0.0714, NaN, -0.1021, NaN, -0.0714, 0.0842, -0.2182, -0.0714, NaN, -0.0824, -0.1846, -0.0714, -0.1263, 0, NaN, NaN, -0.1448, -0.1474, 0.1531, 0.0369, -0.1021, -0.2017, NaN, -0.1021, 0.2212, -0.1667, -0.1021, 0.2857, -0.0714, -0.1021, 0.4587, 0.0369, NaN, 0.2182, 1, -0.1263, NaN, -0.0714, -0.0714, -0.0714, -0.1021, NaN, 0.3747, 0.1909, NaN, -0.0714, 0.2857, -0.0714
NaN, -0.0516, NaN, -0.0516, NaN, 0.2359, -0.1019, -0.0842, NaN, -0.0638, -0.0842, -0.0361, -0.0745, -0.0361, -0.0516, NaN, 0.0552, -0.0361, NaN, NaN, -0.0361, -0.0933, -0.0361, -0.0361, -0.0745, -0.0361, -0.0638, -0.1342, NaN, NaN, -0.0745, -0.0361, 0.5654, NaN, -0.0516, NaN, -0.0361, -0.0638, 0.2021, -0.0361, NaN, 0.1492, -0.0933, -0.0361, 0.6454, -0.1263, NaN, NaN, -0.1342, -0.0745, -0.0516, -0.0745, -0.0516, 0.1408, NaN, -0.0516, -0.0745, 0.4772, 0.3782, -0.0361, -0.0361, -0.0516, -0.1342, -0.0745, NaN, 0.2021, -0.1263, 1, NaN, -0.0361, -0.0361, -0.0361, -0.0516, NaN, 0.1408, -0.1103, NaN, -0.0361, -0.0361, -0.0361
NaN, NaN, NaN, NaN, NaN, NaN, NaN, NaN, NaN, NaN, NaN, NaN, NaN, NaN, NaN, NaN, NaN, NaN, NaN, NaN, NaN, NaN, NaN, NaN, NaN, NaN, NaN, NaN, NaN, NaN, NaN, NaN, NaN, NaN, NaN, NaN, NaN, NaN, NaN, NaN, NaN, NaN, NaN, NaN, NaN, NaN, NaN, NaN, NaN, NaN, NaN, NaN, NaN, NaN, NaN, NaN, NaN, NaN, NaN, NaN, NaN, NaN, NaN, NaN, NaN, NaN, NaN, NaN, 1, NaN, NaN, NaN, NaN, NaN, NaN, NaN, NaN, NaN, NaN, NaN
NaN, -0.0292, NaN, -0.0292, NaN, -0.0421, -0.0576, -0.0476, NaN, -0.0361, 0.4286, -0.0204, -0.0421, -0.0204, -0.0292, NaN, -0.0803, -0.0204, NaN, NaN, -0.0204, -0.0528, -0.0204, -0.0204, -0.0421, -0.0204, -0.0361, -0.0759, NaN, NaN, -0.0421, -0.0204, -0.0204, NaN, -0.0292, NaN, -0.0204, -0.0361, 0.2182, -0.0204, NaN, 0.1825, -0.0528, -0.0204, -0.0361, -0.0714, NaN, NaN, -0.0759, -0.0421, -0.0292, -0.0421, -0.0292, -0.0576, NaN, -0.0292, -0.0421, -0.0476, -0.0292, -0.0204, -0.0204, -0.0292, -0.0759, -0.0421, NaN, 0.2182, -0.0714, -0.0361, NaN, 1, -0.0204, -0.0204, -0.0292, NaN, -0.0576, -0.0623, NaN, -0.0204, -0.0204, -0.0204
NaN, -0.0292, NaN, -0.0292, NaN, -0.0421, -0.0576, -0.0476, NaN, -0.0361, -0.0476, -0.0204, 0.4845, -0.0204, -0.0292, NaN, -0.0803, -0.0204, NaN, NaN, -0.0204, -0.0528, -0.0204, -0.0204, -0.0421, -0.0204, -0.0361, -0.0759, NaN, NaN, -0.0421, -0.0204, -0.0204, NaN, -0.0292, NaN, -0.0204, -0.0361, 0.2182, -0.0204, NaN, -0.1118, -0.0528, -0.0204, -0.0361, -0.0714, NaN, NaN, -0.0759, -0.0421, -0.0292, -0.0421, -0.0292, -0.0576, NaN, -0.0292, 0.4845, -0.0476, -0.0292, -0.0204, -0.0204, -0.0292, -0.0759, -0.0421, NaN, -0.0935, -0.0714, -0.0361, NaN, -0.0204, 1, -0.0204, -0.0292, NaN, -0.0576, -0.0623, NaN, -0.0204, -0.0204, -0.0204
NaN, -0.0292, NaN, -0.0292, NaN, -0.0421, -0.0576, -0.0476, NaN, -0.0361, -0.0476, -0.0204, 0.4845, -0.0204, -0.0292, NaN, 0.2542, -0.0204, NaN, NaN, -0.0204, -0.0528, -0.0204, -0.0204, -0.0421, -0.0204, -0.0361, -0.0759, NaN, NaN, -0.0421, -0.0204, -0.0204, NaN, -0.0292, NaN, -0.0204, -0.0361, -0.0935, -0.0204, NaN, -0.1118, -0.0528, -0.0204, -0.0361, -0.0714, NaN, NaN, -0.0759, -0.0421, -0.0292, -0.0421, -0.0292, -0.0576, NaN, -0.0292, 0.4845, -0.0476, -0.0292, -0.0204, -0.0204, -0.0292, -0.0759, -0.0421, NaN, -0.0935, -0.0714, -0.0361, NaN, -0.0204, -0.0204, 1, -0.0292, NaN, -0.0576, -0.0623, NaN, -0.0204, -0.0204, -0.0204
NaN, -0.0417, NaN, -0.0417, NaN, -0.0602, -0.0824, -0.068, NaN, -0.0516, -0.068, -0.0292, -0.0602, -0.0292, -0.0417, NaN, -0.1147, -0.0292, NaN, NaN, -0.0292, -0.0754, -0.0292, -0.0292, -0.0602, -0.0292, -0.0516, -0.1084, NaN, NaN, 0.6922, -0.0292, -0.0292, NaN, -0.0417, NaN, -0.0292, -0.0516, -0.1336, -0.0292, NaN, -0.1598, -0.0754, -0.0292, -0.0516, 0.1531, NaN, NaN, -0.1084, -0.0602, -0.0417, -0.0602, 0.4792, -0.0824, NaN, -0.0417, -0.0602, -0.068, -0.0417, -0.0292, -0.0292, -0.0417, -0.1084, -0.0602, NaN, -0.1336, -0.1021, -0.0516, NaN, -0.0292, -0.0292, -0.0292, 1, NaN, -0.0824, -0.0891, NaN, -0.0292, -0.0292, -0.0292
NaN, NaN, NaN, NaN, NaN, NaN, NaN, NaN, NaN, NaN, NaN, NaN, NaN, NaN, NaN, NaN, NaN, NaN, NaN, NaN, NaN, NaN, NaN, NaN, NaN, NaN, NaN, NaN, NaN, NaN, NaN, NaN, NaN, NaN, NaN, NaN, NaN, NaN, NaN, NaN, NaN, NaN, NaN, NaN, NaN, NaN, NaN, NaN, NaN, NaN, NaN, NaN, NaN, NaN, NaN, NaN, NaN, NaN, NaN, NaN, NaN, NaN, NaN, NaN, NaN, NaN, NaN, NaN, NaN, NaN, NaN, NaN, NaN, 1, NaN, NaN, NaN, NaN, NaN, NaN
NaN, -0.0824, NaN, 0.2118, NaN, 0.3059, -0.1628, -0.1345, NaN, -0.1019, -0.1345, -0.0576, 0.0935, -0.0576, 0.2118, NaN, 0.0432, -0.0576, NaN, NaN, -0.0576, -0.149, -0.0576, -0.0576, -0.119, -0.0576, -0.1019, -0.0751, NaN, NaN, -0.119, -0.0576, -0.0576, NaN, -0.0824, NaN, -0.0576, -0.1019, -0.0126, -0.0576, NaN, -0.1971, -0.149, -0.0576, 0.1408, 0.2306, NaN, NaN, -0.0751, -0.119, -0.0824, -0.119, -0.0824, 0.0033, NaN, -0.0824, 0.3059, 0.0576, -0.0824, 0.3541, -0.0576, -0.0824, 0.4814, 0.0935, NaN, -0.1384, 0.3747, 0.1408, NaN, -0.0576, -0.0576, -0.0576, -0.0824, NaN, 1, -0.0189, NaN, -0.0576, -0.0576, -0.0576
NaN, -0.0891, NaN, -0.0891, NaN, 0.0724, -0.0189, -0.1455, NaN, -0.1103, 0.0364, 0.3273, -0.1287, 0.3273, -0.0891, NaN, -0.2453, -0.0623, NaN, NaN, -0.0623, -0.1612, 0.3273, 0.3273, 0.0724, -0.0623, -0.1103, -0.1001, NaN, NaN, -0.1287, 0.3273, -0.0623, NaN, -0.0891, NaN, -0.0623, 0.1195, -0.0476, 0.3273, NaN, -0.1169, -0.1612, -0.0623, -0.1103, -0.2182, NaN, NaN, 0.295, 0.0724, 0.1893, 0.4746, -0.0891, -0.0189, NaN, -0.0891, 0.0724, -0.1455, -0.0891, 0.3273, -0.0623, -0.0891, 0.4267, 0.2735, NaN, -0.0476, 0.1909, -0.1103, NaN, -0.0623, -0.0623, -0.0623, -0.0891, NaN, -0.0189, 1, NaN, -0.0623, -0.0623, 0.3273
NaN, NaN, NaN, NaN, NaN, NaN, NaN, NaN, NaN, NaN, NaN, NaN, NaN, NaN, NaN, NaN, NaN, NaN, NaN, NaN, NaN, NaN, NaN, NaN, NaN, NaN, NaN, NaN, NaN, NaN, NaN, NaN, NaN, NaN, NaN, NaN, NaN, NaN, NaN, NaN, NaN, NaN, NaN, NaN, NaN, NaN, NaN, NaN, NaN, NaN, NaN, NaN, NaN, NaN, NaN, NaN, NaN, NaN, NaN, NaN, NaN, NaN, NaN, NaN, NaN, NaN, NaN, NaN, NaN, NaN, NaN, NaN, NaN, NaN, NaN, NaN, 1, NaN, NaN, NaN
NaN, -0.0292, NaN, -0.0292, NaN, -0.0421, -0.0576, -0.0476, NaN, -0.0361, -0.0476, -0.0204, -0.0421, -0.0204, -0.0292, NaN, -0.0803, -0.0204, NaN, NaN, -0.0204, 0.3869, -0.0204, -0.0204, -0.0421, -0.0204, -0.0361, -0.0759, NaN, NaN, -0.0421, -0.0204, -0.0204, NaN, -0.0292, NaN, -0.0204, -0.0361, -0.0935, -0.0204, NaN, -0.1118, -0.0528, -0.0204, -0.0361, -0.0714, NaN, NaN, 0.269, -0.0421, -0.0292, -0.0421, -0.0292, -0.0576, NaN, -0.0292, -0.0421, -0.0476, -0.0292, -0.0204, -0.0204, -0.0292, -0.0759, -0.0421, NaN, -0.0935, -0.0714, -0.0361, NaN, -0.0204, -0.0204, -0.0204, -0.0292, NaN, -0.0576, -0.0623, NaN, 1, -0.0204, -0.0204
NaN, 0.6999, NaN, -0.0292, NaN, -0.0421, -0.0576, -0.0476, NaN, 0.5654, -0.0476, -0.0204, -0.0421, -0.0204, -0.0292, NaN, -0.0803, -0.0204, NaN, NaN, -0.0204, -0.0528, -0.0204, -0.0204, -0.0421, -0.0204, -0.0361, -0.0759, NaN, NaN, -0.0421, -0.0204, -0.0204, NaN, -0.0292, NaN, -0.0204, -0.0361, -0.0935, -0.0204, NaN, 0.1825, -0.0528, -0.0204, -0.0361, -0.0714, NaN, NaN, -0.0759, -0.0421, -0.0292, -0.0421, -0.0292, -0.0576, NaN, -0.0292, -0.0421, -0.0476, -0.0292, -0.0204, -0.0204, -0.0292, 0.269, -0.0421, NaN, -0.0935, 0.2857, -0.0361, NaN, -0.0204, -0.0204, -0.0204, -0.0292, NaN, -0.0576, -0.0623, NaN, -0.0204, 1, -0.0204
NaN, -0.0292, NaN, -0.0292, NaN, -0.0421, -0.0576, -0.0476, NaN, -0.0361, -0.0476, -0.0204, -0.0421, -0.0204, -0.0292, NaN, -0.0803, -0.0204, NaN, NaN, -0.0204, -0.0528, -0.0204, 1, -0.0421, -0.0204, -0.0361, -0.0759, NaN, NaN, -0.0421, -0.0204, -0.0204, NaN, -0.0292, NaN, -0.0204, -0.0361, -0.0935, -0.0204, NaN, -0.1118, -0.0528, -0.0204, -0.0361, -0.0714, NaN, NaN, -0.0759, 0.4845, 0.6999, 0.4845, -0.0292, -0.0576, NaN, -0.0292, -0.0421, -0.0476, -0.0292, -0.0204, -0.0204, -0.0292, -0.0759, 0.4845, NaN, -0.0935, -0.0714, -0.0361, NaN, -0.0204, -0.0204, -0.0204, -0.0292, NaN, -0.0576, 0.3273, NaN, -0.0204, -0.0204, 1
